548275
297876
873775
884473
757572
557478
723978
897877
868871
512272
826974
535476
539674
573379
555772
342673
912974
857278
681371
591871
343479
926175
786876
842279
191172
984876
172978
419871
585579
486871
874279
641678
846872
321377
185575
629279
378377
158473
439476
756573
694273
484276
488476
869279
168875
251379
751774
788473
441473
629873
385177
397373
146571
696176
322476
978579
273775
576272
713275
449577
839575
865677
392779
655475
184776
183475
276372
356472
165877
598771
877372
381575
527374
462274
611177
467771
218372
299278
656676
268371
622679
552377
299973
339176
132972
812275
351374
989371
415374
398675
855173
649371
512571
773376
189471
678273
633379
241478
652379
723876
498275
181578
238379
943772
585471
322779
772972
287473
434273
673473
545878
933871
211972
289378
246179
422479
667875
239973
698571
452474
962873
844474
936875
753475
126976
645171
251977
948876
421374
534871
423671
135578
999675
672577
978772
129576
889177
515172
841179
421575
239478
795573
235979
943977
671774
355279
394579
921679
957477
799176
713578
941374
515275
756279
473873
496273
531578
395179
944772
927272
741775
334179
127371
514872
983971
183975
735373
643273
276678
561171
651174
861273
113771
826879
933571
978679
315478
875171
525872
258378
435675
248271
689672
382173
335778
763478
657372
136677
746873
552277
965572
624172
883279
953572
515576
866179
653877
249779
798378
512175
388173
685275
487278
249377
489774
427272
651976
349778
534875
223274
615875
332674
853878
527572
564773
774871
425276
762778
599474
258578
821778
517572
559678
935874
339879
536672
483374
685175
385773
729771
542872
292877
732376
912773
689478
364277
613675
487573
142579
622372
916676
382575
716776
246476
474479
653871
912377
697474
632177
382175
654579
433777
582778
288875
591978
793572
622778
552773
139774
113273
831179
792572
686871
655875
616977
923275
647871
817977
186678
631272
192879
694672
465778
771277
153871
484878
393474
678677
392871
925574
623376
253377
548974
142672
713274
836875
961979
413572
336573
163379
131574
158272
811571
567675
159472
487872
914873
463271
322972
439971
685871
272477
367772
588671
351576
979779
235271
293879
446675
239975
635577
696479
892474
656371
254177
662971
814571
381679
749871
755773
685574
192473
172676
717379
562378
943173
371273
958478
465271
443174
524776
489579
468374
522375
399377
385875
773975
566777
327277
395375
974477
631172
592375
435878
916372
437179
622574
883478
489975
334979
188175
543971
578672
253171
718374
955976
331673
333274
611976
548874
726979
147771
864279
341276
952671
375777
111771
395577
673377
184574
386674
965572
855278
319772
886975
486376
778976
243879
833871
155275
168676
462472
176579
677273
549972
693974
231379
548879
418878
461272
746975
941476
496676
821174
467275
753979
928475
453772
182672
925272
312972
192771
535474
715574
681874
444573
388871
252174
755773
957879
612273
961278
359377
472177
568574
259178
879474
549471
479171
661871
872672
753777
285274
175275
147474
498978
884777
718372
961973
767371
424879
496673
968778
597772
414774
166779
658376
684473
373877
954973
421373
961772
813675
489979
182973
295574
185177
427172
415978
556673
517278
752879
585572
233477
645274
662678
184279
393875
875777
723478
755977
468371
415877
383579
842872
119375
519578
352277
721673
971876
361571
226879
515572
358978
849674
746874
665277
199571
314473
988473
834177
711974
383475
789479
572879
766174
846274
174474
293675
814173
387175
451378
553875
198375
189776
377178
549772
142272
129776
418673
914871
823778
882579
137177
442575
499674
868379
589173
282379
497174
362275
976671
125276
289977
429578
833276
317479
288777
727872
822473
584473
446774
482373
246779
629179
283573
293377
388876
863677
422771
811677
397274
742276
459472
213773
512171
242173
741976
577673
673377
444577
445572
534871
452373
332275
797479
435772
855372
722873
733471
952174
488271
928779
684275
256879
622678
369579
187373
154776
456172
735778
457174
176779
478877
923771
167574
141278
559176
428477
747673
552778
981478
397373
713777
316571
747674
524574
435277
313376
359574
374878
425675
318679
784872
868877
465179
467372
913371
445974
469471
172573
343772
493874
723374
673373
781675
275471
391174
433279
237771
382978
384675
439676
371672
922773
546271
423273
567176
627775
392577
318578
626275
422279
286879
577577
852678
532176
897975
453677
741871
362476
631971
516476
829874
226973
174979
857473
399475
944977
623972
142776
525878
481173
511775
641179
777878
638274
851376
946373
447872
843671
937376
114879
375873
293279
275477
337471
755877
975771
778673
434677
966476
132778
849876
651479
628771
835775
869473
325572
414978
346572
623579
275178
966475
454376
281474
824374
735878
342177
947676
259277
184276
288276
912976
745977
519575
387679
741277
996877
287672
747579
577874
644978
226377
424573
353676
562975
375674
635371
117975
455173
786475
517274
754373
811877
438975
936571
527677
152477
672671
545871
588378
367674
517875
894176
992674
325875
491477
445472
333277
215274
594578
433476
796977
779478
583172
452874
918676
539672
531276
314776
892174
632777
828777
944177
153375
277479
965472
582575
988173
438978
848373
197676
635174
287178
599571
577779
812971
261973
734573
146471
317871
228371
196972
662877
983271
156175
647173
624776
811876
198878
564579
599876
775779
677875
434478
274479
522977
629773
518375
258172
353577
762875
249273
563672
958678
399371
674374
873479
364475
658976
619372
285875
989673
163472
223273
358279
232975
513579
769774
752773
633678
982878
747275
631275
551872
657673
638177
591975
287278
339575
526275
629676
837874
645972
989273
383872
114972
352575
478472
526379
939577
233578
629576
158271
975776
789773
924274
427873
971576
736674
747971
374675
579371
735171
141574
761773
534274
625474
974275
362479
954873
896177
798575
169671
881674
916779
435973
248275
378476
718674
125475
244676
198678
566875
534971
668676
326678
517571
139473
751771
795476
357471
138976
899375
992579
719479
588778
557574
944877
948475
278279
783875
335576
136471
129777
572179
411975
592471
139475
983174
987378
685776
557274
556879
747179
629974
163475
131974
199577
471774
489776
719172
275678
623274
173874
496175
427778
133471
224677
157679
843975
513876
419877
368471
257578
878575
566978
488977
619573
162675
535477
342275
481879
633874
351778
699572
757571
121577
287577
418577
292471
932475
254978
855579
762776
554674
959977
327174
562878
955271
982475
649173
339574
532975
897276
238271
251671
744971
325575
831779
552573
565173
391777
996676
343876
683171
496573
673678
936472
767176
768775
725771
533177
831176
296674
163671
682476
342674
159971
713275
112476
428179
914575
143472
313271
151876
759871
264271
523976
889272
127579
844872
543476
773777
993578
768372
912474
658473
249375
632973
855873
677771
139571
637473
578571
481371
254378
811575
281977
884672
856175
794771
646272
573875
714579
181578
922579
937679
263579
389672
366176
945979
445478
427679
569875
541971
111877
718175
244877
393476
484373
497978
626177
721173
866973
891476
792972
849578
267673
565473
273579
941371
753577
473773
373378
582178
932871
176973
472978
897977
474878
614374
417473
424671
756172
896277
232272
868171
264175
243977
476776
655473
937573
752273
293777
551576
238373
651572
323574
246678
621771
647475
747177
281474
466472
567972
587174
845779
298272
697778
948672
178471
589473
353373
638877
932777
447574
815678
382579
557972
635872
351779
572572
933374
777478
965275
393572
996972
451471
623974
944672
917374
663372
582677
557872
445672
582972
887573
612378
156673
129374
589379
787776
718671
337277
169173
784374
231872
273878
277672
626874
679674
445175
926775
342579
642875
318872
942876
267276
474973
121974
174971
335878
229677
131976
321978
656571
972579
567273
296575
951973
866574
747978
474977
798973
995879
994573
729577
243877
888376
122178
565177
978176
742775
951678
125777
562375
899474
698277
867671
431977
633472
343373
179576
742576
649575
911775
434372
121974
171276
913474
277171
616477
693378
868578
697772
763776
357574
966576
531679
423172
834673
241273
261478
794273
194379
741976
432572
614676
646279
516373
645374
254776
642576
625378
184678
476775
661376
181373
167878
452575
854879
662971
978376
285876
541871
838972
627375
333178
964773
726172
412771
456773
312875
615375
867775
611179
784776
197878
423676
365972
429778
326377
758672
868675
873375
964976
381778
361471
635871
164279
546774
613777
512571
688777
661975
386273
447276
292171
438572
363976
137379
184776
449177
885177
157971
851876
363673
976278
468974
535172
576977
413978
316578
456375
963674
214971
963775
137472
285975
736976
979172
855978
939873
551279
897572
418773
665178
561373
227475
931579
137379
884577
656277
878771
443276
393976
988877
137874
991371
935179
698473
726975
962274
434774
678579
873773
327976
159771
765977
598975
972475
837373
671977
553478
141279
674173
148375
455179
819979
674273
183171
678377
452977
386372
651973
523671
279371
368777
788479
599976
976679
221379
125578
857675
292975
391871
818876
631973
242871
334178
529971
216774
178373
189477
188777
593176
444677
976272
366872
311178
588478
558174
987675
546177
847876
715172
115474
663178
134977
962375
114378
813375
656775
242179
551375
856373
891479
751379
739879
326979
498579
491176
325277
598371
817378
671877
177879
431876
719373
643378
568175
923174
241277
711477
897178
477976
821171
917378
744978
468977
896571
981571
278378
187474
828177
645777
463177
794371
857774
259471
181577
691771
424775
919171
163173
848372
714577
516278
491277
183471
297878
158173
852377
554478
463372
771478
222379
582977
927879
629578
989774
183872
438477
918776
128674
843179
343974
919972
792277
849378
737472
966879
688677
998174
265173
793477
496877
327677
816475
384376
674672
553877
679378
587372
318574
558578
979279
468876
943178
958879
317177
687876
532173
537474
125874
221475
248979
422871
575373
955877
325471
839475
656178
996876
635472
292978
643978
222377
381371
535777
557571
989977
814777
945177
697772
576174
858679
422474
497873
388172
322371
835173
655372
849373
535975
866877
663975
119179
529879
844876
721171
817173
478973
617676
586972
571173
715974
723277
559873
212374
459179
744575
136775
234277
248478
616879
788173
433276
447875
192173
115873
539472
331372
746172
644778
139978
188777
222772
578479
116678
558475
419579
461876
563772
434979
633678
236877
955672
126172
992771
197672
925971
598976
516279
369376
666572
769179
611578
245177
442374
226276
246674
284872
322675
765179
154772
324376
848675
888972
657174
584978
676471
445176
232975
218779
235974
557975
269375
942274
447777
291173
183279
727675
843778
627875
898675
397274
833475
774279
131978
668277
686273
194573
488474
518778
551573
885177
394579
488771
699872
572376
514772
616874
478374
724871
869476
316778
355779
688371
328679
457473
953872
333271
449971
259973
771378
191971
379176
766876
829972
496274
546177
675971
779171
192171
122174
373778
974175
724673
297477
574976
647375
368776
873173
419977
733275
836173
668571
553978
825175
681775
199677
823776
733978
762472
293277
428671
272977
679674
713671
276378
977179
124377
555671
698274
976279
411574
632274
776176
644171
395875
654473
563673
389876
936575
839276
137378
525275
389477
918571
498279
943276
471274
143274
182776
471577
691878
778979
459378
562874
638976
249978
782874
854571
727873
225972
799172
889476
691175
797972
488772
917776
213677
871479
315574
414372
339878
692475
348673
436371
658374
968577
176877
816278
447674
939675
236474
824474
852574
962378
829176
754671
729177
531579
793277
836774
896777
411475
996973
848174
517974
676672
559575
929277
618879
739572
473173
183476
392575
553274
344974
428177
777874
999676
995972
895572
883679
213378
323474
912576
876573
578179
979477
436776
372374
318777
955478
884872
184172
714373
914379
979472
228877
591273
962279
877372
793374
882972
991873
688476
251172
749578
211777
934175
153874
332876
175773
683575
659371
888776
436376
679975
285874
133773
634674
486976
646177
959972
957478
295778
423772
513971
718578
497579
733674
854572
853974
273577
424977
144575
735979
753773
962179
472974
345971
414572
994773
678578
643774
581574
695675
276678
689471
514871
273276
731576
329878
882176
325573
342976
156276
612174
642771
655774
124976
179877
436672
756978
385776
173879
247778
581678
965777
821477
797374
296875
963373
151975
114979
255276
571779
217977
552675
416476
282177
769878
938479
741574
587477
575675
124375
557171
968973
677979
761273
822278
455974
416871
327676
727578
388678
186872
956677
578376
245172
988777
776175
872579
371279
599476
745576
158471
757476
325878
739979
758373
723676
183575
337273
143673
174476
223579
711779
949476
114478
819271
182174
777173
365676
272279
622574
922478
672577
392373
767973
944674
985873
567973
782278
662479
116978
466476
121575
452778
498472
669775
677973
189778
773172
816874
217178
945774
653771
667974
577772
833776
327178
389275
993876
513679
743477
688275
545573
527176
418673
892171
489176
935578
584673
658277
934176
413878
175472
136575
931173
258679
368277
425674
328573
625674
517878
993971
798874
695178
872579
332475
383277
714171
732775
224578
952576
134673
244471
851178
762674
584476
799473
197477
629175
556976
814479
765371
965672
372371
249277
155878
437875
144974
928477
322775
821378
191972
415472
434774
635375
452378
147471
615873
697176
521271
965379
954274
734873
829273
761977
297975
869573
572973
739974
798473
426779
392478
775879
561679
573477
638176
344672
642879
131172
475576
917179
932773
295471
821577
634978
254679
356972
157874
979577
224575
478175
392175
431871
818874
551979
969672
597177
487474
249278
782273
483872
811272
898774
184779
445875
628978
799578
321876
751278
198278
943273
648675
956575
444272
275178
476473
472474
211679
711477
858774
776772
774979
228371
358271
929471
919474
275174
915875
992979
644478
522573
343378
366279
353776
272675
561476
589678
661173
265671
192477
224377
535274
582676
451572
861277
359279
498479
695176
191979
145573
978577
497279
171976
725273
658471
732676
871672
749879
648374
333475
162173
297979
412777
689677
583278
895676
169176
377871
628979
225675
632779
431671
987475
455373
878772
137477
443177
742873
769879
817977
929674
352274
423973
526271
586471
198471
394979
522271
769176
915872
366978
546978
853577
826175
391279
412275
346971
577378
776277
187273
944773
361572
151371
561378
364773
912272
436179
998679
423873
318972
521272
694871
342474
311474
885272
717177
391678
476779
388372
428371
125371
285779
481374
172876
477876
351577
265874
529378
596174
686176
182673
584277
248872
696378
949872
586774
454572
445573
289377
169379
558172
991174
842374
218375
181473
858274
554777
125178
136172
881673
511372
494175
318378
352173
417271
511372
112977
634579
287772
319771
217476
764778
396174
365671
712476
273971
397575
475373
676576
725977
237677
112373
177974
329375
738176
372779
141678
836676
667275
735375
412378
867674
471779
364773
925975
797179
292872
352275
344772
587276
267574
443775
269871
841877
764379
378372
226672
289371
385773
948771
238776
686178
323177
728677
925474
489476
642872
518571
521273
577773
238877
176876
375977
121374
616971
613374
575473
576378
392873
719379
722172
345977
258371
431879
213171
795476
179771
976171
862779
153172
198376
289679
336877
126979
372674
542773
847772
673277
754276
711773
677375
259979
758675
564377
349477
318875
811675
931974
294777
485278
638379
139179
288772
463776
218571
534875
527376
427671
586171
595679
773771
441378
173677
912571
311873
965871
222877
939672
772974
959878
229177
756871
718178
593773
372172
757271
244274
146975
638777
241373
525674
663575
955274
994479
325876
439374
212878
577973
657175
827371
939175
546476
559273
828177
528676
545778
989973
415375
489877
364578
667373
976877
519877
764476
958678
963179
361573
795274
116373
712172
891678
274971
533277
278971
361974
525479
366474
653678
889172
811479
814274
865875
483371
269372
717874
469877
794472
576973
427375
333473
153477
176173
626673
371276
947971
593477
727979
961579
182371
125679
462873
462272
111178
422477
787475
685773
351273
216178
139278
412275
898779
554674
778674
213971
798275
258376
886278
375677
963679
649577
282973
212577
278577
727976
112271
634473
289874
518976
118672
577874
773176
669777
749177
774276
115478
337879
366974
847379
936676
129774
139777
521876
753472
539578
759175
919775
537672
331678
114173
534377
742973
388579
511873
798972
912774
299771
313173
822675
752673
294476
869278
823572
677572
252173
634977
557173
199478
956578
335671
594372
496176
224777
936472
316276
579975
987371
266775
479479
755873
885176
895776
148979
141974
751571
552778
319673
366977
883678
921771
381272
274471
784479
445279
845673
419674
941771
755779
282276
346774
432673
567375
598576
858579
479878
416276
461176
185978
265673
961872
261371
919771
387973
881478
159978
966371
441374
769976
363478
687472
132379
283879
976676
342475
351875
235975
517274
599772
578971
844274
953674
189874
473779
666677
211475
947572
964778
593172
775178
814173
161279
587678
795172
716376
368779
762879
694675
164176
497975
641873
378674
487974
256672
568171
896274
783477
928878
948877
194877
282172
561779
838279
655773
982877
772974
936776
127171
382675
778371
131977
191379
621272
698377
945773
364779
722872
886372
267172
661871
573377
851874
917175
861675
443776
684674
166174
822376
398573
429271
338574
715473
441576
261678
618875
794175
533975
975771
542377
348279
595874
992174
732278
699476
776975
235379
565278
735473
875977
856379
733576
885476
914371
599175
993676
587975
184676
497678
985673
474372
591473
447178
812474
464179
234877
785672
556475
516274
472171
499673
269873
769173
428873
713874
239274
784273
439875
155773
132476
859177
245878
264675
921376
523472
576178
649578
193775
892379
699778
235572
372679
382176
936773
887876
149277
571879
754878
649174
679177
117976
599175
637775
494373
231574
685573
262176
557879
326577
322274
184673
949773
643373
648674
755277
281274
678479
212678
269771
658679
639573
174273
815473
389372
392275
134272
964771
969274
443773
299778
165574
754576
354873
326972
524273
567276
311876
179774
385774
326475
388176
169774
163471
545577
132875
275575
835876
364477
149677
366974
554775
199779
397576
952771
921672
282878
456774
464672
469376
967577
859372
861475
791376
517379
896875
129473
545573
415375
866577
866275
968171
331673
728776
539271
845376
111773
922474
426974
643679
722373
311177
726677
838477
455975
536374
196976
652975
619276
942772
741974
367473
486771
298578
156676
256777
981472
524772
411974
841872
396577
845272
436273
582874
354572
951472
645472
622873
613575
542975
594774
257577
825673
592576
541276
598575
716874
292676
847775
595471
748672
846676
744875
178973
575273
966976
428774
572978
569777
911175
678676
458971
938171
293878
374872
241278
881972
797475
974373
431578
186771
644174
488571
392778
271372
767875
732972
379573
824272
731574
846572
367371
797373
367679
939575
884473
266171
555577
467578
416975
192878
131873
346276
921375
458177
826974
168474
644373
341477
147878
672175
563771
842879
845372
771375
121278
471875
999571
253771
322879
215575
599272
693678
524678
123472
617573
535577
546275
298774
247579
432773
682571
447479
763876
353973
574775
589274
891873
365878
744776
127775
696674
699473
438777
277279
895276
757875
356679
897973
343276
856275
325775
376971
882374
883679
169275
677772
911173
777974
142176
782278
519878
423974
669673
468873
664173
396975
359572
976275
875274
223174
394173
294676
275479
821171
132176
383875
987178
895779
878671
751775
283971
811171
649173
925975
228879
529774
663579
893774
616376
347376
181478
979279
769574
828479
846879
292574
631773
221576
971977
188373
489172
729172
851271
457175
812571
294779
698979
373479
966971
797572
568179
177772
449774
387472
164978
765276
794171
328675
914876
833479
491575
152278
254473
666879
395677
657479
627872
874972
377674
573578
412576
325674
945275
219277
497677
827472
797277
826979
184378
839974
998679
327375
698572
781278
725273
217771
521272
922479
892173
828773
118872
517572
699777
944975
562376
213574
435477
375674
117172
262573
487979
866778
662672
777878
898771
782873
314778
867975
759777
492972
373972
911673
169871
437776
358677
719376
652672
139178
347373
516871
733472
258772
181771
887773
946379
626971
568678
391876
669477
652874
159272
383279
678375
434176
874678
247678
557275
629275
497278
694976
497278
759975
596971
283979
787471
892876
418578
498573
523978
232571
857673
126872
252375
327276
764175
225878
868573
763379
353672
834173
267373
215573
346972
696779
377271
573377
455578
482571
979475
671972
316974
485573
313674
132777
826775
235978
396972
425178
312174
922973
751676
378375
257571
495573
728872
849477
271974
317477
344777
767679
347371
314172
954773
115974
964474
983878
154476
257674
347176
631574
158673
968679
483179
786779
943173
448379
223676
327471
128475
991872
617573
554479
628673
469474
115776
949476
931176
864774
716578
911577
618972
517179
357373
825578
839577
115679
964971
766378
929873
652871
835375
215976
452573
297778
632476
658574
265872
674878
213772
312971
679175
415179
896179
287677
215776
535774
684979
794279
326476
331377
954878
465473
757971
184575
571773
183772
156977
483174
413171
971677
633377
752672
731179
973978
672277
317273
511878
499172
499273
271571
976376
283177
453879
524778
223175
512376
225973
754477
717374
141575
416275
349775
273571
193377
395777
922773
415472
725777
655371
973274
543977
627573
436172
733373
371976
976177
255977
248274
395371
215375
848571
383674
315673
793774
336677
165475
753573
331777
838475
549576
311378
665375
692479
612376
471179
777874
738576
568777
643977
315875
256679
123871
821175
638873
165676
877674
148671
475176
595272
164579
334372
961871
825774
891376
241778
221974
465371
285377
613976
237377
979374
356973
549272
873374
364178
886479
347176
235179
853274
543579
145878
115977
993674
781678
295577
959472
574575
716873
763272
689478
733375
427579
376271
191179
746976
242273
312375
935773
749276
688679
493978
477379
425879
693574
557275
766673
315973
477778
155676
682575
522375
392675
354979
247879
882375
724575
116777
146274
498374
744572
716971
592978
812276
453674
897671
354478
128879
784272
218972
981973
323977
941674
471976
348878
631973
792179
356277
869978
965677
373779
973576
432578
924371
588674
116374
889371
666675
375173
934174
842275
435179
197177
644576
868675
842878
222274
552173
299475
823477
446573
655676
537276
476875
319572
581575
517478
897977
242778
724273
554875
847976
126476
736975
721876
194874
497572
414573
339176
658777
693471
288978
146971
837676
321776
314576
879774
472474
275275
162472
174478
921277
812672
514276
511779
832974
826577
261574
892279
379276
624378
586477
241377
388472
953473
595673
944877
473374
767477
888878
799471
995479
274873
876475
699677
377174
737979
436671
642275
153776
457977
465872
244776
975874
613772
368671
583379
122877
259678
148474
331272
864378
949674
782472
548577
816378
971174
799974
994371
941371
412278
558578
757471
959971
126976
185971
813179
253778
352777
496778
943372
739877
369874
214973
488874
426273
679677
227372
377276
687774
435475
218774
438878
142277
618279
565878
233472
327971
143474
452471
639377
159577
276873
644372
853377
749674
627179
774678
384878
575378
318576
811879
413579
458679
724779
313577
352371
623179
182877
569277
941475
126178
629471
872973
625775
597877
546776
347473
346274
327376
577973
463579
813973
745377
963674
875271
913378
474874
165774
664777
289872
466974
438772
638375
854279
845674
468473
368379
965871
614677
864174
738974
774371
297278
787679
385179
336476
591278
743379
464278
441271
989778
583276
122275
199472
871478
457576
845672
993372
275871
468275
518578
391778
224374
126979
491175
938673
336273
716177
186171
836674
174875
514977
536873
165573
664478
663671
496473
114372
341674
374273
349378
247973
974673
464171
131379
122876
354871
817777
426275
654677
473479
934279
291277
243878
841773
729472
331679
217573
198872
663573
186978
591674
664374
767475
921871
986275
984978
948876
224675
677771
487877
564579
296379
432479
521376
835873
135874
368572
349778
745674
998872
789371
936975
234378
698777
129971
364978
553479
348578
133476
594676
334478
266875
757872
969972
476873
586575
825176
293576
577675
346977
133977
944778
169271
359873
783979
322574
751878
734673
352172
173476
478975
466379
268778
598877
649575
875179
797871
689577
276675
962777
567479
637476
413677
692175
273972
166571
977175
618179
715978
297873
226479
112174
998275
674178
959578
296275
513377
379171
359671
291371
862472
176773
562978
222975
541473
991878
441476
482874
596572
678873
288771
576675
647771
472478
312872
796979
135771
183579
694671
213675
631777
337276
346275
538472
268172
839178
192176
215973
719178
554374
392572
262675
383375
317279
336976
847173
264477
585675
351373
189775
139971
531978
736879
162974
936771
786276
123177
136372
675177
284975
961171
466272
749573
322873
964774
745971
657774
632579
811375
311971
795171
124573
649775
651871
997878
497674
228872
335271
676979
322876
529776
992976
471479
957878
657376
271772
899477
622973
966673
854371
695671
332778
965576
925471
611375
646674
386374
175171
617676
881371
283376
662872
971478
948671
359772
288171
542875
397275
439679
865371
498779
357275
257279
754173
813172
643573
194776
398974
512377
957877
346174
395878
161475
982974
937976
558476
722575
457572
775874
638574
485275
781873
141276
155178
737276
234274
967373
924773
595474
682974
533273
529579
922671
983376
717777
387274
312279
156472
784678
791571
165273
159574
878776
439879
748971
911175
528773
617571
426372
643271
998179
365571
499371
264279
971178
925174
644279
549373
311177
835174
979671
831272
698475
995779
685671
917575
471573
491775
135871
237474
865979
623675
478976
821477
934878
991675
637175
495371
882477
479873
673171
992475
362679
123374
364771
617775
794875
932777
863579
785777
297874
725379
577672
714379
385278
192571
875171
551379
544672
474478
153274
662377
485276
987972
879176
386373
933576
471771
162176
323576
679476
657571
651675
315972
124173
112774
837875
172877
336973
514572
763478
283778
869275
733576
597873
866279
914578
189872
742176
762579
964479
547877
232276
787271
966277
612174
979479
484175
797971
177477
867774
155172
482671
266874
584479
273578
826473
727178
254271
696475
754675
245974
461877
817671
449776
276971
129579
136876
479375
535473
976874
911978
831874
255672
686172
582576
933873
372673
172375
773973
355777
984678
799979
382778
785876
423274
376874
782175
134671
856473
871478
664476
839677
599171
312474
172176
797675
392476
398773
237472
494572
179478
823478
512373
159574
479179
581471
428774
785672
757572
198371
936972
699975
267376
484973
622578
491777
911577
132679
927674
234475
321277
568476
847373
521571
126972
274272
829673
337978
683979
585276
669774
635774
952376
491276
511579
679275
166175
353178
955472
842477
761571
534975
412579
178573
713878
863474
837473
656271
265773
483775
161171
245971
896571
483572
724972
176677
593478
419374
949875
581474
238673
783771
733971
525278
596271
727376
454579
788574
479174
567671
337678
633877
267774
494275
238977
236171
648874
232979
745677
979773
536978
641773
483478
761774
572674
151271
344379
932271
651273
583576
129376
239374
524379
372574
148676
118874
219375
754778
466276
393678
649675
485674
335273
737374
262472
171178
752973
894273
137374
137572
133175
932372
382976
858574
292972
499578
526773
747971
379476
497776
243678
985172
731176
926773
434277
111876
653874
237771
968579
822979
574175
548678
242176
548975
127477
868779
394977
864474
427974
625579
965276
243971
648774
286676
327972
247276
211372
684879
647179
246773
456676
726575
236872
421577
751974
298978
141373
139774
925673
795879
565571
791276
593672
439577
517571
199174
323679
785376
278476
626273
981179
947474
843271
892278
446971
885674
572179
758772
659278
553578
423973
821278
199479
241175
677671
571177
225372
862174
264271
466876
477677
218276
556779
138173
665975
926971
781476
654572
691774
958676
165876
516577
519778
181379
822371
817179
669879
779773
223374
715578
548475
637378
395479
857978
866571
412777
535575
299477
867374
478671
982377
717779
569777
928773
662571
331877
214579
148775
573872
765774
786977
394473
329373
331972
713171
883371
499177
283273
361377
849474
266971
192472
621479
275677
292779
681875
956679
421372
384875
988379
261677
369474
442274
245176
243774
731379
396176
565379
642377
335178
566571
976574
436774
688674
895271
415776
454173
525674
887272
589979
686675
521577
475177
482276
845475
963672
173873
219676
522873
893276
316679
643976
687575
764372
714672
354975
674377
145771
688478
622776
685377
846571
994576
171178
929675
887775
985772
842273
262972
769975
898874
749176
891675
912478
111877
446673
755775
284971
237376
319779
845978
869473
392677
874878
865274
967372
669676
445272
813875
356476
889772
193474
854374
626372
453671
378377
855174
174177
914477
412578
365374
287574
749278
919875
717871
557779
337374
347978
844975
455579
534873
291977
651379
633874
143773
299773
288377
535577
473275
181178
188876
289775
569776
571472
938572
511677
278977
864674
882878
919874
846578
798671
238971
613574
629371
913374
784977
316677
429977
618175
874774
139372
261978
549472
684474
615574
523772
822772
476275
711378
213975
512573
143277
276778
166673
486879
299776
145176
313476
426777
382771
237678
134379
562576
266977
928577
455574
213879
941178
622871
217671
757479
185771
871973
967671
821471
583179
331179
195471
414875
527671
885879
176478
895371
265876
167474
863971
753578
731775
692375
576171
468373
543379
432573
483372
253276
153477
976377
945974
193778
532772
449973
897576
327877
758673
616779
191172
383472
399774
331772
965578
888171
836776
683771
263771
664474
149975
868775
434379
631976
525676
979372
289678
158574
162475
987775
635974
346579
892274
367375
443872
892679
939776
299678
443278
224374
966271
355178
882872
129672
115977
868271
984378
184975
311372
542375
636977
121673
946478
837576
591272
838276
342379
979871
588778
966478
716272
172677
762278
334476
523571
117178
458874
732471
597976
461477
748672
239177
858574
774574
229575
635777
676373
191475
945977
134871
893879
815578
246375
451379
584174
568272
294171
915376
117676
479774
945374
642875
859578
848577
727678
284778
277971
512177
717476
946571
954576
448571
637978
859174
682478
863672
286478
328272
418475
778178
741979
669173
347872
487571
228979
523276
685175
511879
487778
428673
833978
288675
559578
993678
539278
288475
153572
547274
517372
365575
642372
386272
812772
612976
973474
942575
975879
365877
297173
165172
668874
992178
846871
382877
979176
685472
914578
851978
322379
116773
889177
949671
566572
138872
655877
192173
249674
928174
457678
392472
798477
211878
854771
834876
624679
631677
671974
175971
767476
697378
911874
153171
784872
969476
878173
632977
665176
495272
258972
843871
695972
588678
743175
886874
467179
853477
165876
974277
611177
532772
275273
118378
588972
115174
779571
331579
225879
588377
261675
679775
478873
282774
624472
688179
764173
995573
851779
665773
155674
565478
331376
315474
576474
756877
822475
354876
589177
514375
159874
595676
876978
368273
964671
683173
113778
557479
514879
934175
595879
962373
559674
124776
396875
332872
511377
155274
293578
423775
178179
219874
753176
578577
119178
362971
143373
457578
729978
324374
272379
441774
485572
681373
882177
326174
316179
248274
468174
668278
579673
276772
868877
389977
719271
534678
267276
951477
912678
182873
784478
776779
149773
159879
127874
239678
154975
382379
214774
353876
973178
127871
879472
424276
326874
717278
948775
274277
956879
841278
362871
126275
994776
934279
834975
962973
697476
163277
667272
288779
367379
157374
874476
498975
864276
881974
722771
795773
719276
285676
421778
258575
887571
869776
256975
463671
154476
568477
555776
958172
261674
921375
694272
699272
492576
889376
918376
733776
787372
151679
565175
764971
457377
877678
973372
747778
812476
828376
846271
998977
186677
896478
717674
698571
991878
582178
519575
267375
365975
914877
941473
559175
668975
317675
176379
994775
142778
438778
176176
855973
599272
674874
853574
815973
247774
842972
688271
526671
392971
758178
399272
287775
636278
515174
293376
887777
859975
286178
482874
223671
198374
399476
699672
214973
351371
486174
395479
154571
521372
566877
716872
865974
316879
556178
226976
439577
498174
554973
811674
693271
111378
862971
251578
887876
352374
379479
251876
641979
727871
332278
667275
179677
598272
123375
719473
947777
352377
583375
619176
739673
339175
185875
552779
117479
127674
525174
193276
348673
811577
353879
322677
259877
557671
317774
816877
156772
132372
918273
566775
671177
996172
677879
881271
553778
716274
422677
169879
412474
545374
428976
911676
131879
856471
129274
462672
195677
912172
994576
642979
741478
635178
915272
535677
233879
741872
184178
664274
355978
579176
555471
129173
695476
982871
212579
795174
153872
826772
429272
651173
733671
344171
838272
279473
926178
732878
561975
837274
522478
375277
193372
162872
743974
598273
838778
157974
716277
417871
474676
761777
489978
319771
825879
782778
672774
132677
359478
227471
148171
765179
683877
752877
581971
257379
938577
736773
461478
491171
294172
985374
868976
517472
597678
975872
584672
996676
559877
651878
737278
611375
112971
133576
464874
213878
557575
911174
891372
784471
247173
969772
513171
823271
296474
137271
876174
475772
618276
539972
717173
588779
843676
585473
665577
572874
198872
511872
199372
445271
693678
275375
538571
676471
819671
643779
668678
527872
523678
782871
544873
432574
656273
631871
827573
293378
138977
613478
292378
791878
264771
876678
496873
882672
318874
525678
577779
985476
277875
252672
581873
625475
929578
146378
231275
477474
727674
568478
732876
724178
213275
826879
676377
291177
843679
929477
161578
827273
294879
419873
898978
734678
384875
539775
152972
577671
126674
853472
535178
942475
247778
276677
679174
856775
821773
949978
742879
233375
317878
265874
338674
559776
921973
415979
296474
159177
775475
711877
778774
248676
463974
161277
313477
662472
513674
785179
671475
511172
599875
648877
394976
951879
545876
199377
144771
289772
898977
585473
814177
527679
543772
367977
584775
866973
751876
855177
162379
441473
415175
943571
938579
726275
748571
417575
324579
369878
253272
237175
589178
314673
335979
111779
579872
718174
924375
782473
929476
163977
851979
343172
751872
617578
118377
139278
881175
836773
671778
968879
283373
417579
567876
273777
816172
476578
994272
634774
339971
895172
235776
317274
891175
123676
766671
192471
512973
561275
393378
924977
659877
498973
295677
756171
174571
857976
382174
569477
985671
949379
619475
887178
871871
279879
696575
146979
186771
238373
394975
768972
384678
522478
858976
297774
348471
382275
452576
279276
886973
212371
642971
758375
647976
454677
812374
283477
954575
186478
135978
359871
959374
826573
215875
216774
118577
451478
328275
857775
745775
725378
151572
748277
438478
792577
569979
598972
187772
983975
319375
986771
835274
914378
324979
723676
753974
412576
554773
125579
737477
272772
515875
161374
357375
457474
713873
672479
846578
327172
225379
312975
689771
782171
873571
978876
334871
674773
687775
668478
599474
521877
336675
654371
378173
486574
535578
272271
411773
938179
241377
265877
651876
282575
815971
519572
343776
662671
142373
161179
657677
885472
275174
627475
482177
824777
836371
265276
191277
735773
717877
355272
463874
855272
959679
529174
871874
321273
547175
624178
797878
961172
487473
255278
686775
363274
879976
752173
168174
698773
134176
275377
378879
396678
955574
611872
378378
426479
936276
836979
133571
375571
925775
658171
162179
939877
844874
777778
656677
719172
831579
125374
365977
177274
319974
163773
528872
981275
483373
834271
756875
461574
382572
187279
593875
147178
342577
156179
637472
991874
124379
428371
766271
658171
326377
828979
786972
433577
779676
379879
457379
358575
919972
829976
136273
797475
897371
498376
732177
868979
794978
339174
464477
557971
785675
921871
965577
167571
972274
275677
426273
591275
636574
791778
841374
525975
511979
926873
385377
665973
427873
554672
941377
182278
752871
164376
136578
844379
182377
931477
357873
363873
687775
437873
285272
451279
216275
168871
815873
619679
816279
147976
944775
718373
826379
349778
142379
291873
322371
471571
149772
687877
368175
513277
153676
863276
853376
441272
961872
767673
423975
561475
148577
765673
253675
783476
697277
128872
841779
556872
647173
615779
785377
896876
424771
945577
957477
221878
976575
667172
725673
287978
189977
731875
984975
457576
331772
648674
594473
444374
682778
858978
286779
765675
355773
252774
422971
127674
666979
897472
788971
411472
447671
927574
675871
989878
524572
945771
313673
821577
566175
218573
153679
594979
877473
156778
596578
852871
711572
114879
892873
162579
749177
292571
391479
811173
716779
822574
624177
576572
251477
581374
816577
431177
186778
744375
585873
526671
132273
594374
259573
794378
813472
949273
787379
155972
522671
443175
453877
938379
265478
577374
787779
116474
574577
412279
414873
885273
757879
619678
111471
631271
537571
572279
799778
586174
142277
697871
311777
618179
263374
344878
112378
463978
228576
528776
964679
657772
338877
196372
572378
547871
862279
263876
976472
616674
463574
755778
715872
594479
982575
138879
333176
732775
985873
696372
818779
653173
733479
151179
545271
236876
713377
486875
377778
643478
517373
613278
325679
152878
419979
352578
894877
325673
351277
621372
297977
711672
786874
166977
267771
922677
158775
481975
177977
727176
782976
232179
469878
114871
152679
616477
187779
654478
668777
938471
227973
669873
512271
917875
677379
922879
459571
383476
856576
376672
396876
811775
955378
366474
783574
231674
147175
516778
347872
994275
689371
822276
493273
116475
811176
117772
377978
381174
278277
146477
282777
239376
982179
544676
726577
241874
759277
636876
283372
552176
142476
859978
863574
221874
511672
214774
837578
244178
134275
221878
922179
471977
187674
285778
174771
367571
351176
528175
713873
797472
627976
178871
441178
651676
482675
831877
118573
279277
773178
513377
981877
833771
838475
612277
936273
261674
999479
619372
362973
456875
842178
384573
567874
338677
916778
516873
141375
752676
147474
158471
822474
536478
831271
179478
285775
979373
873875
922276
586779
145676
741177
976379
451173
758377
532579
123274
338179
668479
253371
555173
765672
317473
149873
724973
596575
646471
317478
397775
674472
376173
281377
477279
682978
327479
394874
594772
491471
686676
952979
365279
991374
865171
789279
711773
383474
657371
813279
278873
285879
177377
926372
366577
164679
293677
434674
256871
913471
933274
586971
248475
359171
286574
883778
539875
865671
995978
313171
438271
439579
226673
257774
625173
513478
994477
296372
777871
439876
383378
644579
797979
468478
783973
785579
121679
775471
161278
437572
753678
372972
357577
631872
253575
448876
453471
336471
362871
649174
828677
691677
163177
431674
854374
812571
412272
356772
284777
558377
545673
395874
348775
974675
274575
256478
238178
371375
524576
194472
999674
538175
854473
222671
885979
732771
149477
783671
466178
149674
477971
354275
458171
664271
352276
792674
248471
127376
521974
477472
431674
353279
643876
822276
836674
685273
128175
387372
692371
646375
565477
565573
372972
573372
411976
421279
998679
699879
941174
114277
552777
312173
564577
142874
972477
785972
982677
964974
321779
777277
544278
343371
851275
481277
236973
878172
436275
612672
337878
561279
664176
499873
169672
667672
897776
659971
211673
626876
718473
164274
263775
815172
811775
961174
552373
169373
635476
552276
619577
277375
227471
655979
372572
597379
639271
449772
166171
366377
669377
139278
496571
251171
564871
957475
587577
615372
772272
796178
969979
898873
314975
713971
814977
852574
861274
151772
137379
742672
344278
639774
943871
132475
565478
971672
186177
455876
698675
792679
647274
768874
648479
335973
968973
645571
294876
494579
324579
487973
698375
555573
718674
753471
671376
138179
628676
459776
839371
788977
293772
943479
645878
152374
229976
788372
812476
481779
652271
879973
187177
743275
517778
667177
346174
456972
795576
226771
753475
189176
486273
449877
727977
239774
416978
136373
884973
261676
649777
157475
295271
175873
157778
998375
873273
529274
984571
613574
983874
266171
437671
174274
638473
996772
565373
157972
411772
244178
718478
131274
952775
287374
969279
778478
738774
774776
294477
546679
178974
976474
619575
882871
533374
163878
864674
884875
691979
453775
644472
211371
771876
222473
465874
929478
131375
493972
432978
878379
123474
863273
755672
711273
254876
482178
783276
449571
953576
892574
416171
975576
781374
926474
291777
165672
499171
565675
284478
926372
913871
358178
166176
663978
594977
812173
321876
172177
846277
654571
624771
685976
556975
562479
928672
228572
189876
613871
465478
126977
626874
644376
414578
687974
453872
325373
983276
678477
967277
839175
498371
658776
842376
961773
658477
367572
533974
378674
479774
872275
555372
888976
431373
878272
564375
179579
914774
911576
129675
287274
275578
149671
125375
334376
117874
279578
739676
818179
931479
184276
797875
494277
984278
143578
539477
883576
416877
873176
863674
138572
448572
844379
363776
437171
663178
917676
266472
845972
157379
356673
169476
554372
575777
152878
531578
856573
893376
872872
893678
356974
962372
739578
851679
584872
129572
217478
189575
585674
333479
677972
547778
469976
643475
646776
816474
946377
361278
485479
988473
523673
625176
238873
732375
958577
557678
155871
168571
824573
933573
685978
893377
712575
987174
182172
688473
287876
521573
744673
596777
141877
326876
956677
398772
269972
787378
474374
195578
881571
622273
672776
598273
343372
969374
815879
718375
561976
622274
521772
747873
295677
857374
251774
513176
758173
595479
772971
384276
661372
584172
362575
992973
657178
669376
969178
144275
196977
667376
216176
587371
947979
537975
454876
236371
241576
141977
122172
178471
772578
943871
543672
914772
515974
544476
165775
967671
246978
359977
764779
839178
548478
428777
724374
324479
963176
442677
239277
912577
281573
953472
447372
858179
665375
615177
626574
681473
811878
226373
213875
577273
319773
336279
799177
866571
893973
392477
981975
517571
781676
357377
234876
246679
957677
772172
857379
981777
136876
512375
118774
239377
168472
717777
927977
415671
312973
942875
247177
992571
568479
691379
649971
783375
975174
224675
796479
593773
587178
194577
582977
576979
514875
156177
183371
529272
331179
188673
882976
924473
571175
849872
964574
743477
612177
299772
119976
984178
782377
899179
732571
348773
985479
246575
791276
146872
961475
958278
623172
762677
162972
458679
793875
919274
644778
982472
557173
535271
777171
381775
283873
441471
731977
231677
488878
556676
946579
755875
415672
429472
445579
233178
416279
546472
939572
691971
223677
698578
895973
782172
431477
444375
832774
842772
882877
987672
142577
318574
252974
556971
999475
711976
355572
955678
918179
328373
664973
298173
296176
496873
282379
996376
239372
391576
724775
239278
975772
383177
236172
239777
969376
288878
666478
495174
182175
983875
622579
896674
476275
459878
263479
599772
291178
991472
873879
266776
768876
934273
445478
398672
171472
853679
321672
795474
955578
826871
219171
359574
517976
193671
392478
453979
872873
418677
525872
635577
859373
482276
252873
516271
211278
983476
798271
825176
628472
699179
294572
786576
121777
185273
619174
261179
289974
411179
161179
513674
261775
392575
221271
841175
769475
583572
783672
828671
171472
841378
616375
196274
899873
183372
711874
193376
684179
628771
882677
461176
373275
764973
634276
632879
512675
943671
272879
487273
799379
771373
127375
565277
721473
355773
371677
759573
179976
289773
197374
974674
624376
736677
286271
433878
261178
359973
983174
187871
725579
993773
279578
985277
687473
416376
311374
922677
851777
747977
792672
586376
487171
118474
236671
161371
846279
823576
512472
461771
979873
175374
613579
955277
758272
397776
997473
935571
393872
638379
554473
384279
579177
219671
628673
198274
587275
684375
453871
525377
437177
122471
651378
315472
638272
648876
523271
557978
618272
555477
314777
578674
144679
918373
183578
585671
796174
137375
263871
889274
712373
598678
152177
192278
842476
367174
733772
236579
773172
746174
858172
268776
291978
165779
135173
983379
256973
765477
412579
572172
741973
861175
429872
821371
591176
839679
224677
912972
429376
382774
652973
883774
388575
347978
852775
845879
952574
671678
845579
474373
933476
788373
326877
722876
953679
868875
825876
587172
472279
354775
427771
363273
431874
212179
767376
377475
567775
761576
285879
634275
656176
676177
847671
519479
522271
337273
577677
938677
721473
822571
771179
946877
173171
517679
698178
197371
212572
563973
133277
546974
262573
723778
376778
433977
627378
381375
969874
115774
734776
167475
296779
321577
264378
713573
225874
722374
314374
577171
481878
415176
941179
465579
555377
397671
522371
284578
423972
679171
976378
744277
463773
853479
992576
468672
291576
569579
529375
118577
374178
232574
125979
613971
865276
534578
725378
955775
131276
858374
931871
766175
284277
393678
617175
153979
691774
878474
235774
196474
525477
247779
336671
121175
282475
187873
375476
625973
394174
486575
688375
152276
968872
613274
992276
238171
144775
642674
332375
471975
528676
516477
356978
954875
485475
856776
876377
698272
126575
255278
188471
764472
537179
616473
719271
567273
425573
994476
991277
972571
766779
859478
793775
859574
262673
144475
647571
176974
452272
677276
693678
241774
559575
815772
387977
362872
471672
939578
235975
144173
952471
357278
584276
454471
711575
965777
113577
333972
614971
322571
529279
647279
934873
152879
344472
899775
387176
624674
827176
494377
148576
559178
732476
155972
256874
535372
724979
642872
263273
851576
694374
177677
624779
429374
776173
733179
254774
492773
238579
724773
397673
394579
557372
735276
523575
711476
987777
514779
956472
787678
613773
949376
141572
344275
623477
662171
227771
577774
832179
599276
525377
816572
469573
862477
897679
438177
181571
691977
128671
937473
547476
767676
165978
397778
794872
468674
293176
125878
833472
674376
315377
398574
495278
166872
449271
513173
714474
438976
962471
636177
781377
942273
859771
636374
348976
728478
671271
196574
633876
482875
626477
821479
813375
852176
662173
921277
255775
998878
828978
846176
374676
792974
732275
995973
488276
377973
733279
253479
136575
645271
976672
726879
515171
245772
743474
686477
389874
236372
444372
686878
535176
131379
265177
687876
376973
734277
886174
552179
949272
673675
922979
426379
733271
622777
266672
475375
369474
846975
871476
888672
894572
861978
886671
765371
461174
413378
438471
592672
814977
675376
579177
321571
593478
552472
383776
173872
123575
757271
369274
269974
745676
274475
415778
584471
997278
211574
158471
163571
548275
297876
873775
884473
757572
557478
723978
897877
868871
512272
826974
535476
539674
573379
555772
342673
912974
857278
681371
591871
343479
926175
786876
842279
191172
984876
172978
419871
585579
486871
874279
641678
846872
321377
185575
629279
378377
158473
439476
756573
694273
484276
488476
869279
168875
251379
751774
788473
441473
629873
385177
397373
146571
696176
322476
978579
273775
576272
713275
449577
839575
865677
392779
655475
184776
183475
276372
356472
165877
598771
877372
381575
527374
462274
611177
467771
218372
299278
656676
268371
622679
552377
299973
339176
132972
812275
351374
989371
415374
398675
855173
649371
512571
773376
189471
678273
633379
241478
652379
723876
498275
181578
238379
943772
585471
322779
772972
287473
434273
673473
545878
933871
211972
289378
246179
422479
667875
239973
698571
452474
962873
844474
936875
753475
126976
645171
251977
948876
421374
534871
423671
135578
999675
672577
978772
129576
889177
515172
841179
421575
239478
795573
235979
943977
671774
355279
394579
921679
957477
799176
713578
941374
515275
756279
473873
496273
531578
395179
944772
927272
741775
334179
127371
514872
983971
183975
735373
643273
276678
561171
651174
861273
113771
826879
933571
978679
315478
875171
525872
258378
435675
248271
689672
382173
335778
763478
657372
136677
746873
552277
965572
624172
883279
953572
515576
866179
653877
249779
798378
512175
388173
685275
487278
249377
489774
427272
651976
349778
534875
223274
615875
332674
853878
527572
564773
774871
425276
762778
599474
258578
821778
517572
559678
935874
339879
536672
483374
685175
385773
729771
542872
292877
732376
912773
689478
364277
613675
487573
142579
622372
916676
382575
716776
246476
474479
653871
912377
697474
632177
382175
654579
433777
582778
288875
591978
793572
622778
552773
139774
113273
831179
792572
686871
655875
616977
923275
647871
817977
186678
631272
192879
694672
465778
771277
153871
484878
393474
678677
392871
925574
623376
253377
548974
142672
713274
836875
961979
413572
336573
163379
131574
158272
811571
567675
159472
487872
914873
463271
322972
439971
685871
272477
367772
588671
351576
979779
235271
293879
446675
239975
635577
696479
892474
656371
254177
662971
814571
381679
749871
755773
685574
192473
172676
717379
562378
943173
371273
958478
465271
443174
524776
489579
468374
522375
399377
385875
773975
566777
327277
395375
974477
631172
592375
435878
916372
437179
622574
883478
489975
334979
188175
543971
578672
253171
718374
955976
331673
333274
611976
548874
726979
147771
864279
341276
952671
375777
111771
395577
673377
184574
386674
965572
855278
319772
886975
486376
778976
243879
833871
155275
168676
462472
176579
677273
549972
693974
231379
548879
418878
461272
746975
941476
496676
821174
467275
753979
928475
453772
182672
925272
312972
192771
535474
715574
681874
444573
388871
252174
755773
957879
612273
961278
359377
472177
568574
259178
879474
549471
479171
661871
872672
753777
285274
175275
147474
498978
884777
718372
961973
767371
424879
496673
968778
597772
414774
166779
658376
684473
373877
954973
421373
961772
813675
489979
182973
295574
185177
427172
415978
556673
517278
752879
585572
233477
645274
662678
184279
393875
875777
723478
755977
468371
415877
383579
842872
119375
519578
352277
721673
971876
361571
226879
515572
358978
849674
746874
665277
199571
314473
988473
834177
711974
383475
789479
572879
766174
846274
174474
293675
814173
387175
451378
553875
198375
189776
377178
549772
142272
129776
418673
914871
823778
882579
137177
442575
499674
868379
589173
282379
497174
362275
976671
125276
289977
429578
833276
317479
288777
727872
822473
584473
446774
482373
246779
629179
283573
293377
388876
863677
422771
811677
397274
742276
459472
213773
512171
242173
741976
577673
673377
444577
445572
534871
452373
332275
797479
435772
855372
722873
733471
952174
488271
928779
684275
256879
622678
369579
187373
154776
456172
735778
457174
176779
478877
923771
167574
141278
559176
428477
747673
552778
981478
397373
713777
316571
747674
524574
435277
313376
359574
374878
425675
318679
784872
868877
465179
467372
913371
445974
469471
172573
343772
493874
723374
673373
781675
275471
391174
433279
237771
382978
384675
439676
371672
922773
546271
423273
567176
627775
392577
318578
626275
422279
286879
577577
852678
532176
897975
453677
741871
362476
631971
516476
829874
226973
174979
857473
399475
944977
623972
142776
525878
481173
511775
641179
777878
638274
851376
946373
447872
843671
937376
114879
375873
293279
275477
337471
755877
975771
778673
434677
966476
132778
849876
651479
628771
835775
869473
325572
414978
346572
623579
275178
966475
454376
281474
824374
735878
342177
947676
259277
184276
288276
912976
745977
519575
387679
741277
996877
287672
747579
577874
644978
226377
424573
353676
562975
375674
635371
117975
455173
786475
517274
754373
811877
438975
936571
527677
152477
672671
545871
588378
367674
517875
894176
992674
325875
491477
445472
333277
215274
594578
433476
796977
779478
583172
452874
918676
539672
531276
314776
892174
632777
828777
944177
153375
277479
965472
582575
988173
438978
848373
197676
635174
287178
599571
577779
812971
261973
734573
146471
317871
228371
196972
662877
983271
156175
647173
624776
811876
198878
564579
599876
775779
677875
434478
274479
522977
629773
518375
258172
353577
762875
249273
563672
958678
399371
674374
873479
364475
658976
619372
285875
989673
163472
223273
358279
232975
513579
769774
752773
633678
982878
747275
631275
551872
657673
638177
591975
287278
339575
526275
629676
837874
645972
989273
383872
114972
352575
478472
526379
939577
233578
629576
158271
975776
789773
924274
427873
971576
736674
747971
374675
579371
735171
141574
761773
534274
625474
974275
362479
954873
896177
798575
169671
881674
916779
435973
248275
378476
718674
125475
244676
198678
566875
534971
668676
326678
517571
139473
751771
795476
357471
138976
899375
992579
719479
588778
557574
944877
948475
278279
783875
335576
136471
129777
572179
411975
592471
139475
983174
987378
685776
557274
556879
747179
629974
163475
131974
199577
471774
489776
719172
275678
623274
173874
496175
427778
133471
224677
157679
843975
513876
419877
368471
257578
878575
566978
488977
619573
162675
535477
342275
481879
633874
351778
699572
757571
121577
287577
418577
292471
932475
254978
855579
762776
554674
959977
327174
562878
955271
982475
649173
339574
532975
897276
238271
251671
744971
325575
831779
552573
565173
391777
996676
343876
683171
496573
673678
936472
767176
768775
725771
533177
831176
296674
163671
682476
342674
159971
713275
112476
428179
914575
143472
313271
151876
759871
264271
523976
889272
127579
844872
543476
773777
993578
768372
912474
658473
249375
632973
855873
677771
139571
637473
578571
481371
254378
811575
281977
884672
856175
794771
646272
573875
714579
181578
922579
937679
263579
389672
366176
945979
445478
427679
569875
541971
111877
718175
244877
393476
484373
497978
626177
721173
866973
891476
792972
849578
267673
565473
273579
941371
753577
473773
373378
582178
932871
176973
472978
897977
474878
614374
417473
424671
756172
896277
232272
868171
264175
243977
476776
655473
937573
752273
293777
551576
238373
651572
323574
246678
621771
647475
747177
281474
466472
567972
587174
845779
298272
697778
948672
178471
589473
353373
638877
932777
447574
815678
382579
557972
635872
351779
572572
933374
777478
965275
393572
996972
451471
623974
944672
917374
663372
582677
557872
445672
582972
887573
612378
156673
129374
589379
787776
718671
337277
169173
784374
231872
273878
277672
626874
679674
445175
926775
342579
642875
318872
942876
267276
474973
121974
174971
335878
229677
131976
321978
656571
972579
567273
296575
951973
866574
747978
474977
798973
995879
994573
729577
243877
888376
122178
565177
978176
742775
951678
125777
562375
899474
698277
867671
431977
633472
343373
179576
742576
649575
911775
434372
121974
171276
913474
277171
616477
693378
868578
697772
763776
357574
966576
531679
423172
834673
241273
261478
794273
194379
741976
432572
614676
646279
516373
645374
254776
642576
625378
184678
476775
661376
181373
167878
452575
854879
662971
978376
285876
541871
838972
627375
333178
964773
726172
412771
456773
312875
615375
867775
611179
784776
197878
423676
365972
429778
326377
758672
868675
873375
964976
381778
361471
635871
164279
546774
613777
512571
688777
661975
386273
447276
292171
438572
363976
137379
184776
449177
885177
157971
851876
363673
976278
468974
535172
576977
413978
316578
456375
963674
214971
963775
137472
285975
736976
979172
855978
939873
551279
897572
418773
665178
561373
227475
931579
137379
884577
656277
878771
443276
393976
988877
137874
991371
935179
698473
726975
962274
434774
678579
873773
327976
159771
765977
598975
972475
837373
671977
553478
141279
674173
148375
455179
819979
674273
183171
678377
452977
386372
651973
523671
279371
368777
788479
599976
976679
221379
125578
857675
292975
391871
818876
631973
242871
334178
529971
216774
178373
189477
188777
593176
444677
976272
366872
311178
588478
558174
987675
546177
847876
715172
115474
663178
134977
962375
114378
813375
656775
242179
551375
856373
891479
751379
739879
326979
498579
491176
325277
598371
817378
671877
177879
431876
719373
643378
568175
923174
241277
711477
897178
477976
821171
917378
744978
468977
896571
981571
278378
187474
828177
645777
463177
794371
857774
259471
181577
691771
424775
919171
163173
848372
714577
516278
491277
183471
297878
158173
852377
554478
463372
771478
222379
582977
927879
629578
989774
183872
438477
918776
128674
843179
343974
919972
792277
849378
737472
966879
688677
998174
265173
793477
496877
327677
816475
384376
674672
553877
679378
587372
318574
558578
979279
468876
943178
958879
317177
687876
532173
537474
125874
221475
248979
422871
575373
955877
325471
839475
656178
996876
635472
292978
643978
222377
381371
535777
557571
989977
814777
945177
697772
576174
858679
422474
497873
388172
322371
835173
655372
849373
535975
866877
663975
119179
529879
844876
721171
817173
478973
617676
586972
571173
715974
723277
559873
212374
459179
744575
136775
234277
248478
616879
788173
433276
447875
192173
115873
539472
331372
746172
644778
139978
188777
222772
578479
116678
558475
419579
461876
563772
434979
633678
236877
955672
126172
992771
197672
925971
598976
516279
369376
666572
769179
611578
245177
442374
226276
246674
284872
322675
765179
154772
324376
848675
888972
657174
584978
676471
445176
232975
218779
235974
557975
269375
942274
447777
291173
183279
727675
843778
627875
898675
397274
833475
774279
131978
668277
686273
194573
488474
518778
551573
885177
394579
488771
699872
572376
514772
616874
478374
724871
869476
316778
355779
688371
328679
457473
953872
333271
449971
259973
771378
191971
379176
766876
829972
496274
546177
675971
779171
192171
122174
373778
974175
724673
297477
574976
647375
368776
873173
419977
733275
836173
668571
553978
825175
681775
199677
823776
733978
762472
293277
428671
272977
679674
713671
276378
977179
124377
555671
698274
976279
411574
632274
776176
644171
395875
654473
563673
389876
936575
839276
137378
525275
389477
918571
498279
943276
471274
143274
182776
471577
691878
778979
459378
562874
638976
249978
782874
854571
727873
225972
799172
889476
691175
797972
488772
917776
213677
871479
315574
414372
339878
692475
348673
436371
658374
968577
176877
816278
447674
939675
236474
824474
852574
962378
829176
754671
729177
531579
793277
836774
896777
411475
996973
848174
517974
676672
559575
929277
618879
739572
473173
183476
392575
553274
344974
428177
777874
999676
995972
895572
883679
213378
323474
912576
876573
578179
979477
436776
372374
318777
955478
884872
184172
714373
914379
979472
228877
591273
962279
877372
793374
882972
991873
688476
251172
749578
211777
934175
153874
332876
175773
683575
659371
888776
436376
679975
285874
133773
634674
486976
646177
959972
957478
295778
423772
513971
718578
497579
733674
854572
853974
273577
424977
144575
735979
753773
962179
472974
345971
414572
994773
678578
643774
581574
695675
276678
689471
514871
273276
731576
329878
882176
325573
342976
156276
612174
642771
655774
124976
179877
436672
756978
385776
173879
247778
581678
965777
821477
797374
296875
963373
151975
114979
255276
571779
217977
552675
416476
282177
769878
938479
741574
587477
575675
124375
557171
968973
677979
761273
822278
455974
416871
327676
727578
388678
186872
956677
578376
245172
988777
776175
872579
371279
599476
745576
158471
757476
325878
739979
758373
723676
183575
337273
143673
174476
223579
711779
949476
114478
819271
182174
777173
365676
272279
622574
922478
672577
392373
767973
944674
985873
567973
782278
662479
116978
466476
121575
452778
498472
669775
677973
189778
773172
816874
217178
945774
653771
667974
577772
833776
327178
389275
993876
513679
743477
688275
545573
527176
418673
892171
489176
935578
584673
658277
934176
413878
175472
136575
931173
258679
368277
425674
328573
625674
517878
993971
798874
695178
872579
332475
383277
714171
732775
224578
952576
134673
244471
851178
762674
584476
799473
197477
629175
556976
814479
765371
965672
372371
249277
155878
437875
144974
928477
322775
821378
191972
415472
434774
635375
452378
147471
615873
697176
521271
965379
954274
734873
829273
761977
297975
869573
572973
739974
798473
426779
392478
775879
561679
573477
638176
344672
642879
131172
475576
917179
932773
295471
821577
634978
254679
356972
157874
979577
224575
478175
392175
431871
818874
551979
969672
597177
487474
249278
782273
483872
811272
898774
184779
445875
628978
799578
321876
751278
198278
943273
648675
956575
444272
275178
476473
472474
211679
711477
858774
776772
774979
228371
358271
929471
919474
275174
915875
992979
644478
522573
343378
366279
353776
272675
561476
589678
661173
265671
192477
224377
535274
582676
451572
861277
359279
498479
695176
191979
145573
978577
497279
171976
725273
658471
732676
871672
749879
648374
333475
162173
297979
412777
689677
583278
895676
169176
377871
628979
225675
632779
431671
987475
455373
878772
137477
443177
742873
769879
817977
929674
352274
423973
526271
586471
198471
394979
522271
769176
915872
366978
546978
853577
826175
391279
412275
346971
577378
776277
187273
944773
361572
151371
561378
364773
912272
436179
998679
423873
318972
521272
694871
342474
311474
885272
717177
391678
476779
388372
428371
125371
285779
481374
172876
477876
351577
265874
529378
596174
686176
182673
584277
248872
696378
949872
586774
454572
445573
289377
169379
558172
991174
842374
218375
181473
858274
554777
125178
136172
881673
511372
494175
318378
352173
417271
511372
112977
634579
287772
319771
217476
764778
396174
365671
712476
273971
397575
475373
676576
725977
237677
112373
177974
329375
738176
372779
141678
836676
667275
735375
412378
867674
471779
364773
925975
797179
292872
352275
344772
587276
267574
443775
269871
841877
764379
378372
226672
289371
385773
948771
238776
686178
323177
728677
925474
489476
642872
518571
521273
577773
238877
176876
375977
121374
616971
613374
575473
576378
392873
719379
722172
345977
258371
431879
213171
795476
179771
976171
862779
153172
198376
289679
336877
126979
372674
542773
847772
673277
754276
711773
677375
259979
758675
564377
349477
318875
811675
931974
294777
485278
638379
139179
288772
463776
218571
534875
527376
427671
586171
595679
773771
441378
173677
912571
311873
965871
222877
939672
772974
959878
229177
756871
718178
593773
372172
757271
244274
146975
638777
241373
525674
663575
955274
994479
325876
439374
212878
577973
657175
827371
939175
546476
559273
828177
528676
545778
989973
415375
489877
364578
667373
976877
519877
764476
958678
963179
361573
795274
116373
712172
891678
274971
533277
278971
361974
525479
366474
653678
889172
811479
814274
865875
483371
269372
717874
469877
794472
576973
427375
333473
153477
176173
626673
371276
947971
593477
727979
961579
182371
125679
462873
462272
111178
422477
787475
685773
351273
216178
139278
412275
898779
554674
778674
213971
798275
258376
886278
375677
963679
649577
282973
212577
278577
727976
112271
634473
289874
518976
118672
577874
773176
669777
749177
774276
115478
337879
366974
847379
936676
129774
139777
521876
753472
539578
759175
919775
537672
331678
114173
534377
742973
388579
511873
798972
912774
299771
313173
822675
752673
294476
869278
823572
677572
252173
634977
557173
199478
956578
335671
594372
496176
224777
936472
316276
579975
987371
266775
479479
755873
885176
895776
148979
141974
751571
552778
319673
366977
883678
921771
381272
274471
784479
445279
845673
419674
941771
755779
282276
346774
432673
567375
598576
858579
479878
416276
461176
185978
265673
961872
261371
919771
387973
881478
159978
966371
441374
769976
363478
687472
132379
283879
976676
342475
351875
235975
517274
599772
578971
844274
953674
189874
473779
666677
211475
947572
964778
593172
775178
814173
161279
587678
795172
716376
368779
762879
694675
164176
497975
641873
378674
487974
256672
568171
896274
783477
928878
948877
194877
282172
561779
838279
655773
982877
772974
936776
127171
382675
778371
131977
191379
621272
698377
945773
364779
722872
886372
267172
661871
573377
851874
917175
861675
443776
684674
166174
822376
398573
429271
338574
715473
441576
261678
618875
794175
533975
975771
542377
348279
595874
992174
732278
699476
776975
235379
565278
735473
875977
856379
733576
885476
914371
599175
993676
587975
184676
497678
985673
474372
591473
447178
812474
464179
234877
785672
556475
516274
472171
499673
269873
769173
428873
713874
239274
784273
439875
155773
132476
859177
245878
264675
921376
523472
576178
649578
193775
892379
699778
235572
372679
382176
936773
887876
149277
571879
754878
649174
679177
117976
599175
637775
494373
231574
685573
262176
557879
326577
322274
184673
949773
643373
648674
755277
281274
678479
212678
269771
658679
639573
174273
815473
389372
392275
134272
964771
969274
443773
299778
165574
754576
354873
326972
524273
567276
311876
179774
385774
326475
388176
169774
163471
545577
132875
275575
835876
364477
149677
366974
554775
199779
397576
952771
921672
282878
456774
464672
469376
967577
859372
861475
791376
517379
896875
129473
545573
415375
866577
866275
968171
331673
728776
539271
845376
111773
922474
426974
643679
722373
311177
726677
838477
455975
536374
196976
652975
619276
942772
741974
367473
486771
298578
156676
256777
981472
524772
411974
841872
396577
845272
436273
582874
354572
951472
645472
622873
613575
542975
594774
257577
825673
592576
541276
598575
716874
292676
847775
595471
748672
846676
744875
178973
575273
966976
428774
572978
569777
911175
678676
458971
938171
293878
374872
241278
881972
797475
974373
431578
186771
644174
488571
392778
271372
767875
732972
379573
824272
731574
846572
367371
797373
367679
939575
884473
266171
555577
467578
416975
192878
131873
346276
921375
458177
826974
168474
644373
341477
147878
672175
563771
842879
845372
771375
121278
471875
999571
253771
322879
215575
599272
693678
524678
123472
617573
535577
546275
298774
247579
432773
682571
447479
763876
353973
574775
589274
891873
365878
744776
127775
696674
699473
438777
277279
895276
757875
356679
897973
343276
856275
325775
376971
882374
883679
169275
677772
911173
777974
142176
782278
519878
423974
669673
468873
664173
396975
359572
976275
875274
223174
394173
294676
275479
821171
132176
383875
987178
895779
878671
751775
283971
811171
649173
925975
228879
529774
663579
893774
616376
347376
181478
979279
769574
828479
846879
292574
631773
221576
971977
188373
489172
729172
851271
457175
812571
294779
698979
373479
966971
797572
568179
177772
449774
387472
164978
765276
794171
328675
914876
833479
491575
152278
254473
666879
395677
657479
627872
874972
377674
573578
412576
325674
945275
219277
497677
827472
797277
826979
184378
839974
998679
327375
698572
781278
725273
217771
521272
922479
892173
828773
118872
517572
699777
944975
562376
213574
435477
375674
117172
262573
487979
866778
662672
777878
898771
782873
314778
867975
759777
492972
373972
911673
169871
437776
358677
719376
652672
139178
347373
516871
733472
258772
181771
887773
946379
626971
568678
391876
669477
652874
159272
383279
678375
434176
874678
247678
557275
629275
497278
694976
497278
759975
596971
283979
787471
892876
418578
498573
523978
232571
857673
126872
252375
327276
764175
225878
868573
763379
353672
834173
267373
215573
346972
696779
377271
573377
455578
482571
979475
671972
316974
485573
313674
132777
826775
235978
396972
425178
312174
922973
751676
378375
257571
495573
728872
849477
271974
317477
344777
767679
347371
314172
954773
115974
964474
983878
154476
257674
347176
631574
158673
968679
483179
786779
943173
448379
223676
327471
128475
991872
617573
554479
628673
469474
115776
949476
931176
864774
716578
911577
618972
517179
357373
825578
839577
115679
964971
766378
929873
652871
835375
215976
452573
297778
632476
658574
265872
674878
213772
312971
679175
415179
896179
287677
215776
535774
684979
794279
326476
331377
954878
465473
757971
184575
571773
183772
156977
483174
413171
971677
633377
752672
731179
973978
672277
317273
511878
499172
499273
271571
976376
283177
453879
524778
223175
512376
225973
754477
717374
141575
416275
349775
273571
193377
395777
922773
415472
725777
655371
973274
543977
627573
436172
733373
371976
976177
255977
248274
395371
215375
848571
383674
315673
793774
336677
165475
753573
331777
838475
549576
311378
665375
692479
612376
471179
777874
738576
568777
643977
315875
256679
123871
821175
638873
165676
877674
148671
475176
595272
164579
334372
961871
825774
891376
241778
221974
465371
285377
613976
237377
979374
356973
549272
873374
364178
886479
347176
235179
853274
543579
145878
115977
993674
781678
295577
959472
574575
716873
763272
689478
733375
427579
376271
191179
746976
242273
312375
935773
749276
688679
493978
477379
425879
693574
557275
766673
315973
477778
155676
682575
522375
392675
354979
247879
882375
724575
116777
146274
498374
744572
716971
592978
812276
453674
897671
354478
128879
784272
218972
981973
323977
941674
471976
348878
631973
792179
356277
869978
965677
373779
973576
432578
924371
588674
116374
889371
666675
375173
934174
842275
435179
197177
644576
868675
842878
222274
552173
299475
823477
446573
655676
537276
476875
319572
581575
517478
897977
242778
724273
554875
847976
126476
736975
721876
194874
497572
414573
339176
658777
693471
288978
146971
837676
321776
314576
879774
472474
275275
162472
174478
921277
812672
514276
511779
832974
826577
261574
892279
379276
624378
586477
241377
388472
953473
595673
944877
473374
767477
888878
799471
995479
274873
876475
699677
377174
737979
436671
642275
153776
457977
465872
244776
975874
613772
368671
583379
122877
259678
148474
331272
864378
949674
782472
548577
816378
971174
799974
994371
941371
412278
558578
757471
959971
126976
185971
813179
253778
352777
496778
943372
739877
369874
214973
488874
426273
679677
227372
377276
687774
435475
218774
438878
142277
618279
565878
233472
327971
143474
452471
639377
159577
276873
644372
853377
749674
627179
774678
384878
575378
318576
811879
413579
458679
724779
313577
352371
623179
182877
569277
941475
126178
629471
872973
625775
597877
546776
347473
346274
327376
577973
463579
813973
745377
963674
875271
913378
474874
165774
664777
289872
466974
438772
638375
854279
845674
468473
368379
965871
614677
864174
738974
774371
297278
787679
385179
336476
591278
743379
464278
441271
989778
583276
122275
199472
871478
457576
845672
993372
275871
468275
518578
391778
224374
126979
491175
938673
336273
716177
186171
836674
174875
514977
536873
165573
664478
663671
496473
114372
341674
374273
349378
247973
974673
464171
131379
122876
354871
817777
426275
654677
473479
934279
291277
243878
841773
729472
331679
217573
198872
663573
186978
591674
664374
767475
921871
986275
984978
948876
224675
677771
487877
564579
296379
432479
521376
835873
135874
368572
349778
745674
998872
789371
936975
234378
698777
129971
364978
553479
348578
133476
594676
334478
266875
757872
969972
476873
586575
825176
293576
577675
346977
133977
944778
169271
359873
783979
322574
751878
734673
352172
173476
478975
466379
268778
598877
649575
875179
797871
689577
276675
962777
567479
637476
413677
692175
273972
166571
977175
618179
715978
297873
226479
112174
998275
674178
959578
296275
513377
379171
359671
291371
862472
176773
562978
222975
541473
991878
441476
482874
596572
678873
288771
576675
647771
472478
312872
796979
135771
183579
694671
213675
631777
337276
346275
538472
268172
839178
192176
215973
719178
554374
392572
262675
383375
317279
336976
847173
264477
585675
351373
189775
139971
531978
736879
162974
936771
786276
123177
136372
675177
284975
961171
466272
749573
322873
964774
745971
657774
632579
811375
311971
795171
124573
649775
651871
997878
497674
228872
335271
676979
322876
529776
992976
471479
957878
657376
271772
899477
622973
966673
854371
695671
332778
965576
925471
611375
646674
386374
175171
617676
881371
283376
662872
971478
948671
359772
288171
542875
397275
439679
865371
498779
357275
257279
754173
813172
643573
194776
398974
512377
957877
346174
395878
161475
982974
937976
558476
722575
457572
775874
638574
485275
781873
141276
155178
737276
234274
967373
924773
595474
682974
533273
529579
922671
983376
717777
387274
312279
156472
784678
791571
165273
159574
878776
439879
748971
911175
528773
617571
426372
643271
998179
365571
499371
264279
971178
925174
644279
549373
311177
835174
979671
831272
698475
995779
685671
917575
471573
491775
135871
237474
865979
623675
478976
821477
934878
991675
637175
495371
882477
479873
673171
992475
362679
123374
364771
617775
794875
932777
863579
785777
297874
725379
577672
714379
385278
192571
875171
551379
544672
474478
153274
662377
485276
987972
879176
386373
933576
471771
162176
323576
679476
657571
651675
315972
124173
112774
837875
172877
336973
514572
763478
283778
869275
733576
597873
866279
914578
189872
742176
762579
964479
547877
232276
787271
966277
612174
979479
484175
797971
177477
867774
155172
482671
266874
584479
273578
826473
727178
254271
696475
754675
245974
461877
817671
449776
276971
129579
136876
479375
535473
976874
911978
831874
255672
686172
582576
933873
372673
172375
773973
355777
984678
799979
382778
785876
423274
376874
782175
134671
856473
871478
664476
839677
599171
312474
172176
797675
392476
398773
237472
494572
179478
823478
512373
159574
479179
581471
428774
785672
757572
198371
936972
699975
267376
484973
622578
491777
911577
132679
927674
234475
321277
568476
847373
521571
126972
274272
829673
337978
683979
585276
669774
635774
952376
491276
511579
679275
166175
353178
955472
842477
761571
534975
412579
178573
713878
863474
837473
656271
265773
483775
161171
245971
896571
483572
724972
176677
593478
419374
949875
581474
238673
783771
733971
525278
596271
727376
454579
788574
479174
567671
337678
633877
267774
494275
238977
236171
648874
232979
745677
979773
536978
641773
483478
761774
572674
151271
344379
932271
651273
583576
129376
239374
524379
372574
148676
118874
219375
754778
466276
393678
649675
485674
335273
737374
262472
171178
752973
894273
137374
137572
133175
932372
382976
858574
292972
499578
526773
747971
379476
497776
243678
985172
731176
926773
434277
111876
653874
237771
968579
822979
574175
548678
242176
548975
127477
868779
394977
864474
427974
625579
965276
243971
648774
286676
327972
247276
211372
684879
647179
246773
456676
726575
236872
421577
751974
298978
141373
139774
925673
795879
565571
791276
593672
439577
517571
199174
323679
785376
278476
626273
981179
947474
843271
892278
446971
885674
572179
758772
659278
553578
423973
821278
199479
241175
677671
571177
225372
862174
264271
466876
477677
218276
556779
138173
665975
926971
781476
654572
691774
958676
165876
516577
519778
181379
822371
817179
669879
779773
223374
715578
548475
637378
395479
857978
866571
412777
535575
299477
867374
478671
982377
717779
569777
928773
662571
331877
214579
148775
573872
765774
786977
394473
329373
331972
713171
883371
499177
283273
361377
849474
266971
192472
621479
275677
292779
681875
956679
421372
384875
988379
261677
369474
442274
245176
243774
731379
396176
565379
642377
335178
566571
976574
436774
688674
895271
415776
454173
525674
887272
589979
686675
521577
475177
482276
845475
963672
173873
219676
522873
893276
316679
643976
687575
764372
714672
354975
674377
145771
688478
622776
685377
846571
994576
171178
929675
887775
985772
842273
262972
769975
898874
749176
891675
912478
111877
446673
755775
284971
237376
319779
845978
869473
392677
874878
865274
967372
669676
445272
813875
356476
889772
193474
854374
626372
453671
378377
855174
174177
914477
412578
365374
287574
749278
919875
717871
557779
337374
347978
844975
455579
534873
291977
651379
633874
143773
299773
288377
535577
473275
181178
188876
289775
569776
571472
938572
511677
278977
864674
882878
919874
846578
798671
238971
613574
629371
913374
784977
316677
429977
618175
874774
139372
261978
549472
684474
615574
523772
822772
476275
711378
213975
512573
143277
276778
166673
486879
299776
145176
313476
426777
382771
237678
134379
562576
266977
928577
455574
213879
941178
622871
217671
757479
185771
871973
967671
821471
583179
331179
195471
414875
527671
885879
176478
895371
265876
167474
863971
753578
731775
692375
576171
468373
543379
432573
483372
253276
153477
976377
945974
193778
532772
449973
897576
327877
758673
616779
191172
383472
399774
331772
965578
888171
836776
683771
263771
664474
149975
868775
434379
631976
525676
979372
289678
158574
162475
987775
635974
346579
892274
367375
443872
892679
939776
299678
443278
224374
966271
355178
882872
129672
115977
868271
984378
184975
311372
542375
636977
121673
946478
837576
591272
838276
342379
979871
588778
966478
716272
172677
762278
334476
523571
117178
458874
732471
597976
461477
748672
239177
858574
774574
229575
635777
676373
191475
945977
134871
893879
815578
246375
451379
584174
568272
294171
915376
117676
479774
945374
642875
859578
848577
727678
284778
277971
512177
717476
946571
954576
448571
637978
859174
682478
863672
286478
328272
418475
778178
741979
669173
347872
487571
228979
523276
685175
511879
487778
428673
833978
288675
559578
993678
539278
288475
153572
547274
517372
365575
642372
386272
812772
612976
973474
942575
975879
365877
297173
165172
668874
992178
846871
382877
979176
685472
914578
851978
322379
116773
889177
949671
566572
138872
655877
192173
249674
928174
457678
392472
798477
211878
854771
834876
624679
631677
671974
175971
767476
697378
911874
153171
784872
969476
878173
632977
665176
495272
258972
843871
695972
588678
743175
886874
467179
853477
165876
974277
611177
532772
275273
118378
588972
115174
779571
331579
225879
588377
261675
679775
478873
282774
624472
688179
764173
995573
851779
665773
155674
565478
331376
315474
576474
756877
822475
354876
589177
514375
159874
595676
876978
368273
964671
683173
113778
557479
514879
934175
595879
962373
559674
124776
396875
332872
511377
155274
293578
423775
178179
219874
753176
578577
119178
362971
143373
457578
729978
324374
272379
441774
485572
681373
882177
326174
316179
248274
468174
668278
579673
276772
868877
389977
719271
534678
267276
951477
912678
182873
784478
776779
149773
159879
127874
239678
154975
382379
214774
353876
973178
127871
879472
424276
326874
717278
948775
274277
956879
841278
362871
126275
994776
934279
834975
962973
697476
163277
667272
288779
367379
157374
874476
498975
864276
881974
722771
795773
719276
285676
421778
258575
887571
869776
256975
463671
154476
568477
555776
958172
261674
921375
694272
699272
492576
889376
918376
733776
787372
151679
565175
764971
457377
877678
973372
747778
812476
828376
846271
998977
186677
896478
717674
698571
991878
582178
519575
267375
365975
914877
941473
559175
668975
317675
176379
994775
142778
438778
176176
855973
599272
674874
853574
815973
247774
842972
688271
526671
392971
758178
399272
287775
636278
515174
293376
887777
859975
286178
482874
223671
198374
399476
699672
214973
351371
486174
395479
154571
521372
566877
716872
865974
316879
556178
226976
439577
498174
554973
811674
693271
111378
862971
251578
887876
352374
379479
251876
641979
727871
332278
667275
179677
598272
123375
719473
947777
352377
583375
619176
739673
339175
185875
552779
117479
127674
525174
193276
348673
811577
353879
322677
259877
557671
317774
816877
156772
132372
918273
566775
671177
996172
677879
881271
553778
716274
422677
169879
412474
545374
428976
911676
131879
856471
129274
462672
195677
912172
994576
642979
741478
635178
915272
535677
233879
741872
184178
664274
355978
579176
555471
129173
695476
982871
212579
795174
153872
826772
429272
651173
733671
344171
838272
279473
926178
732878
561975
837274
522478
375277
193372
162872
743974
598273
838778
157974
716277
417871
474676
761777
489978
319771
825879
782778
672774
132677
359478
227471
148171
765179
683877
752877
581971
257379
938577
736773
461478
491171
294172
985374
868976
517472
597678
975872
584672
996676
559877
651878
737278
611375
112971
133576
464874
213878
557575
911174
891372
784471
247173
969772
513171
823271
296474
137271
876174
475772
618276
539972
717173
588779
843676
585473
665577
572874
198872
511872
199372
445271
693678
275375
538571
676471
819671
643779
668678
527872
523678
782871
544873
432574
656273
631871
827573
293378
138977
613478
292378
791878
264771
876678
496873
882672
318874
525678
577779
985476
277875
252672
581873
625475
929578
146378
231275
477474
727674
568478
732876
724178
213275
826879
676377
291177
843679
929477
161578
827273
294879
419873
898978
734678
384875
539775
152972
577671
126674
853472
535178
942475
247778
276677
679174
856775
821773
949978
742879
233375
317878
265874
338674
559776
921973
415979
296474
159177
775475
711877
778774
248676
463974
161277
313477
662472
513674
785179
671475
511172
599875
648877
394976
951879
545876
199377
144771
289772
898977
585473
814177
527679
543772
367977
584775
866973
751876
855177
162379
441473
415175
943571
938579
726275
748571
417575
324579
369878
253272
237175
589178
314673
335979
111779
579872
718174
924375
782473
929476
163977
851979
343172
751872
617578
118377
139278
881175
836773
671778
968879
283373
417579
567876
273777
816172
476578
994272
634774
339971
895172
235776
317274
891175
123676
766671
192471
512973
561275
393378
924977
659877
498973
295677
756171
174571
857976
382174
569477
985671
949379
619475
887178
871871
279879
696575
146979
186771
238373
394975
768972
384678
522478
858976
297774
348471
382275
452576
279276
886973
212371
642971
758375
647976
454677
812374
283477
954575
186478
135978
359871
959374
826573
215875
216774
118577
451478
328275
857775
745775
725378
151572
748277
438478
792577
569979
598972
187772
983975
319375
986771
835274
914378
324979
723676
753974
412576
554773
125579
737477
272772
515875
161374
357375
457474
713873
672479
846578
327172
225379
312975
689771
782171
873571
978876
334871
674773
687775
668478
599474
521877
336675
654371
378173
486574
535578
272271
411773
938179
241377
265877
651876
282575
815971
519572
343776
662671
142373
161179
657677
885472
275174
627475
482177
824777
836371
265276
191277
735773
717877
355272
463874
855272
959679
529174
871874
321273
547175
624178
797878
961172
487473
255278
686775
363274
879976
752173
168174
698773
134176
275377
378879
396678
955574
611872
378378
426479
936276
836979
133571
375571
925775
658171
162179
939877
844874
777778
656677
719172
831579
125374
365977
177274
319974
163773
528872
981275
483373
834271
756875
461574
382572
187279
593875
147178
342577
156179
637472
991874
124379
428371
766271
658171
326377
828979
786972
433577
779676
379879
457379
358575
919972
829976
136273
797475
897371
498376
732177
868979
794978
339174
464477
557971
785675
921871
965577
167571
972274
275677
426273
591275
636574
791778
841374
525975
511979
926873
385377
665973
427873
554672
941377
182278
752871
164376
136578
844379
182377
931477
357873
363873
687775
437873
285272
451279
216275
168871
815873
619679
816279
147976
944775
718373
826379
349778
142379
291873
322371
471571
149772
687877
368175
513277
153676
863276
853376
441272
961872
767673
423975
561475
148577
765673
253675
783476
697277
128872
841779
556872
647173
615779
785377
896876
424771
945577
957477
221878
976575
667172
725673
287978
189977
731875
984975
457576
331772
648674
594473
444374
682778
858978
286779
765675
355773
252774
422971
127674
666979
897472
788971
411472
447671
927574
675871
989878
524572
945771
313673
821577
566175
218573
153679
594979
877473
156778
596578
852871
711572
114879
892873
162579
749177
292571
391479
811173
716779
822574
624177
576572
251477
581374
816577
431177
186778
744375
585873
526671
132273
594374
259573
794378
813472
949273
787379
155972
522671
443175
453877
938379
265478
577374
787779
116474
574577
412279
414873
885273
757879
619678
111471
631271
537571
572279
799778
586174
142277
697871
311777
618179
263374
344878
112378
463978
228576
528776
964679
657772
338877
196372
572378
547871
862279
263876
976472
616674
463574
755778
715872
594479
982575
138879
333176
732775
985873
696372
818779
653173
733479
151179
545271
236876
713377
486875
377778
643478
517373
613278
325679
152878
419979
352578
894877
325673
351277
621372
297977
711672
786874
166977
267771
922677
158775
481975
177977
727176
782976
232179
469878
114871
152679
616477
187779
654478
668777
938471
227973
669873
512271
917875
677379
922879
459571
383476
856576
376672
396876
811775
955378
366474
783574
231674
147175
516778
347872
994275
689371
822276
493273
116475
811176
117772
377978
381174
278277
146477
282777
239376
982179
544676
726577
241874
759277
636876
283372
552176
142476
859978
863574
221874
511672
214774
837578
244178
134275
221878
922179
471977
187674
285778
174771
367571
351176
528175
713873
797472
627976
178871
441178
651676
482675
831877
118573
279277
773178
513377
981877
833771
838475
612277
936273
261674
999479
619372
362973
456875
842178
384573
567874
338677
916778
516873
141375
752676
147474
158471
822474
536478
831271
179478
285775
979373
873875
922276
586779
145676
741177
976379
451173
758377
532579
123274
338179
668479
253371
555173
765672
317473
149873
724973
596575
646471
317478
397775
674472
376173
281377
477279
682978
327479
394874
594772
491471
686676
952979
365279
991374
865171
789279
711773
383474
657371
813279
278873
285879
177377
926372
366577
164679
293677
434674
256871
913471
933274
586971
248475
359171
286574
883778
539875
865671
995978
313171
438271
439579
226673
257774
625173
513478
994477
296372
777871
439876
383378
644579
797979
468478
783973
785579
121679
775471
161278
437572
753678
372972
357577
631872
253575
448876
453471
336471
362871
649174
828677
691677
163177
431674
854374
812571
412272
356772
284777
558377
545673
395874
348775
974675
274575
256478
238178
371375
524576
194472
999674
538175
854473
222671
885979
732771
149477
783671
466178
149674
477971
354275
458171
664271
352276
792674
248471
127376
521974
477472
431674
353279
643876
822276
836674
685273
128175
387372
692371
646375
565477
565573
372972
573372
411976
421279
998679
699879
941174
114277
552777
312173
564577
142874
972477
785972
982677
964974
321779
777277
544278
343371
851275
481277
236973
878172
436275
612672
337878
561279
664176
499873
169672
667672
897776
659971
211673
626876
718473
164274
263775
815172
811775
961174
552373
169373
635476
552276
619577
277375
227471
655979
372572
597379
639271
449772
166171
366377
669377
139278
496571
251171
564871
957475
587577
615372
772272
796178
969979
898873
314975
713971
814977
852574
861274
151772
137379
742672
344278
639774
943871
132475
565478
971672
186177
455876
698675
792679
647274
768874
648479
335973
968973
645571
294876
494579
324579
487973
698375
555573
718674
753471
671376
138179
628676
459776
839371
788977
293772
943479
645878
152374
229976
788372
812476
481779
652271
879973
187177
743275
517778
667177
346174
456972
795576
226771
753475
189176
486273
449877
727977
239774
416978
136373
884973
261676
649777
157475
295271
175873
157778
998375
873273
529274
984571
613574
983874
266171
437671
174274
638473
996772
565373
157972
411772
244178
718478
131274
952775
287374
969279
778478
738774
774776
294477
546679
178974
976474
619575
882871
533374
163878
864674
884875
691979
453775
644472
211371
771876
222473
465874
929478
131375
493972
432978
878379
123474
863273
755672
711273
254876
482178
783276
449571
953576
892574
416171
975576
781374
926474
291777
165672
499171
565675
284478
926372
913871
358178
166176
663978
594977
812173
321876
172177
846277
654571
624771
685976
556975
562479
928672
228572
189876
613871
465478
126977
626874
644376
414578
687974
453872
325373
983276
678477
967277
839175
498371
658776
842376
961773
658477
367572
533974
378674
479774
872275
555372
888976
431373
878272
564375
179579
914774
911576
129675
287274
275578
149671
125375
334376
117874
279578
739676
818179
931479
184276
797875
494277
984278
143578
539477
883576
416877
873176
863674
138572
448572
844379
363776
437171
663178
917676
266472
845972
157379
356673
169476
554372
575777
152878
531578
856573
893376
872872
893678
356974
962372
739578
851679
584872
129572
217478
189575
585674
333479
677972
547778
469976
643475
646776
816474
946377
361278
485479
988473
523673
625176
238873
732375
958577
557678
155871
168571
824573
933573
685978
893377
712575
987174
182172
688473
287876
521573
744673
596777
141877
326876
956677
398772
269972
787378
474374
195578
881571
622273
672776
598273
343372
969374
815879
718375
561976
622274
521772
747873
295677
857374
251774
513176
758173
595479
772971
384276
661372
584172
362575
992973
657178
669376
969178
144275
196977
667376
216176
587371
947979
537975
454876
236371
241576
141977
122172
178471
772578
943871
543672
914772
515974
544476
165775
967671
246978
359977
764779
839178
548478
428777
724374
324479
963176
442677
239277
912577
281573
953472
447372
858179
665375
615177
626574
681473
811878
226373
213875
577273
319773
336279
799177
866571
893973
392477
981975
517571
781676
357377
234876
246679
957677
772172
857379
981777
136876
512375
118774
239377
168472
717777
927977
415671
312973
942875
247177
992571
568479
691379
649971
783375
975174
224675
796479
593773
587178
194577
582977
576979
514875
156177
183371
529272
331179
188673
882976
924473
571175
849872
964574
743477
612177
299772
119976
984178
782377
899179
732571
348773
985479
246575
791276
146872
961475
958278
623172
762677
162972
458679
793875
919274
644778
982472
557173
535271
777171
381775
283873
441471
731977
231677
488878
556676
946579
755875
415672
429472
445579
233178
416279
546472
939572
691971
223677
698578
895973
782172
431477
444375
832774
842772
882877
987672
142577
318574
252974
556971
999475
711976
355572
955678
918179
328373
664973
298173
296176
496873
282379
996376
239372
391576
724775
239278
975772
383177
236172
239777
969376
288878
666478
495174
182175
983875
622579
896674
476275
459878
263479
599772
291178
991472
873879
266776
768876
934273
445478
398672
171472
853679
321672
795474
955578
826871
219171
359574
517976
193671
392478
453979
872873
418677
525872
635577
859373
482276
252873
516271
211278
983476
798271
825176
628472
699179
294572
786576
121777
185273
619174
261179
289974
411179
161179
513674
261775
392575
221271
841175
769475
583572
783672
828671
171472
841378
616375
196274
899873
183372
711874
193376
684179
628771
882677
461176
373275
764973
634276
632879
512675
943671
272879
487273
799379
771373
127375
565277
721473
355773
371677
759573
179976
289773
197374
974674
624376
736677
286271
433878
261178
359973
983174
187871
725579
993773
279578
985277
687473
416376
311374
922677
851777
747977
792672
586376
487171
118474
236671
161371
846279
823576
512472
461771
979873
175374
613579
955277
758272
397776
997473
935571
393872
638379
554473
384279
579177
219671
628673
198274
587275
684375
453871
525377
437177
122471
651378
315472
638272
648876
523271
557978
618272
555477
314777
578674
144679
918373
183578
585671
796174
137375
263871
889274
712373
598678
152177
192278
842476
367174
733772
236579
773172
746174
858172
268776
291978
165779
135173
983379
256973
765477
412579
572172
741973
861175
429872
821371
591176
839679
224677
912972
429376
382774
652973
883774
388575
347978
852775
845879
952574
671678
845579
474373
933476
788373
326877
722876
953679
868875
825876
587172
472279
354775
427771
363273
431874
212179
767376
377475
567775
761576
285879
634275
656176
676177
847671
519479
522271
337273
577677
938677
721473
822571
771179
946877
173171
517679
698178
197371
212572
563973
133277
546974
262573
723778
376778
433977
627378
381375
969874
115774
734776
167475
296779
321577
264378
713573
225874
722374
314374
577171
481878
415176
941179
465579
555377
397671
522371
284578
423972
679171
976378
744277
463773
853479
992576
468672
291576
569579
529375
118577
374178
232574
125979
613971
865276
534578
725378
955775
131276
858374
931871
766175
284277
393678
617175
153979
691774
878474
235774
196474
525477
247779
336671
121175
282475
187873
375476
625973
394174
486575
688375
152276
968872
613274
992276
238171
144775
642674
332375
471975
528676
516477
356978
954875
485475
856776
876377
698272
126575
255278
188471
764472
537179
616473
719271
567273
425573
994476
991277
972571
766779
859478
793775
859574
262673
144475
647571
176974
452272
677276
693678
241774
559575
815772
387977
362872
471672
939578
235975
144173
952471
357278
584276
454471
711575
965777
113577
333972
614971
322571
529279
647279
934873
152879
344472
899775
387176
624674
827176
494377
148576
559178
732476
155972
256874
535372
724979
642872
263273
851576
694374
177677
624779
429374
776173
733179
254774
492773
238579
724773
397673
394579
557372
735276
523575
711476
987777
514779
956472
787678
613773
949376
141572
344275
623477
662171
227771
577774
832179
599276
525377
816572
469573
862477
897679
438177
181571
691977
128671
937473
547476
767676
165978
397778
794872
468674
293176
125878
833472
674376
315377
398574
495278
166872
449271
513173
714474
438976
962471
636177
781377
942273
859771
636374
348976
728478
671271
196574
633876
482875
626477
821479
813375
852176
662173
921277
255775
998878
828978
846176
374676
792974
732275
995973
488276
377973
733279
253479
136575
645271
976672
726879
515171
245772
743474
686477
389874
236372
444372
686878
535176
131379
265177
687876
376973
734277
886174
552179
949272
673675
922979
426379
733271
622777
266672
475375
369474
846975
871476
888672
894572
861978
886671
765371
461174
413378
438471
592672
814977
675376
579177
321571
593478
552472
383776
173872
123575
757271
369274
269974
745676
274475
415778
584471
997278
211574
158471
163571
