478864
148996
142884
511225
444889
219961
741321
749956
952576
966289
746496
614656
763876
652864
391876
525625
579121
929296
263169
499849
293764
585225
553536
112896
799236
169744
167281
521284
776161
611524
232324
343396
355216
767376
168921
174724
795664
478864
148996
142884
511225
444889
219961
741321
749956
952576
966289
746496
614656
763876
652864
391876
525625
579121
929296
263169
499849
293764
585225
553536
112896
799236
169744
167281
521284
776161
611524
232324
343396
355216
767376
168921
174724
795664
